836
704
429
778
945
290
764
25
418
467
390
788
410
422
88
485
134
913
604
119
571
306
700
532
381
453
28
378
448
40
836
310
564
45
427
274
908
641
130
197
926
831
9
742
742
12
319
496
747
790
994
998
638
298
930
303
168
314
238
861
461
656
507
360
46
171
328
717
596
993
725
958
308
538
673
647
733
653
79
309
145
783
617
690
29
165
715
625
150
206
52
907
379
919
777
402
780
862
581
814
194
501
624
478
27
206
476
650
29
692
263
85
143
820
103
698
742
756
764
597
941
927
95
661
923
562
248
536
320
730
379
57
432
397
573
824
820
999
78
846
430
341
322
482
151
554
764
959
737
290
205
632
663
813
296
490
223
237
761
970
366
947
200
451
333
434
248
692
383
973
172
239
147
90
368
978
888
808
373
641
553
160
680
212
909
937
184
68
4
333
571
318
815
451
809
594
419
757
413
132
363
145
883
400
787
403
156
373
612
681
485
16
464
362
838
908
435
540
500
329
954
95
672
290
758
982
975
73
316
797
432
293
401
565
521
768
438
353
414
205
92
784
83
751
369
66
538
767
636
269
49
56
875
413
568
686
411
532
329
283
386
795
191
460
554
826
420
647
875
243
757
191
444
617
829
193
356
593
42
721
28
538
91
569
294
141
988
33
935
619
975
425
524
711
51
182
12
30
483
948
111
348
491
35
186
712
221
535
168
472
130
868
539
36
680
97
884
736
44
153
412
840
391
541
744
766
71
221
385
580
653
498
707
455
763
725
832
303
330
367
481
746
496
705
757
398
617
414
608
447
517
717
2
297
87
454
2
351
237
854
614
698
231
215
849
978
421
707
870
688
932
501
123
228
211
181
460
591
494
303
514
693
932
444
589
785
133
195
9
302
234
602
988
116
691
769
755
853
893
633
797
643
607
811
256
794
760
165
403
810
840
222
68
576
695
664
60
147
50
317
802
538
99
335
301
328
694
501
140
311
461
113
306
189
902
532
791
949
687
874
664
533
958
781
972
863
750
193
44
115
99
354
254
844
848
219
646
793
12
631
764
860
644
194
321
415
525
180
565
953
545
482
599
471
976
670
47
273
102
485
938
784
807
423
695
3
831
383
538
964
344
793
718
871
359
170
995
116
874
987
591
29
978
724
584
589
492
405
758
274
176
824
154
489
572
427
662
872
690
383
118
273
40
994
791
467
992
123
674
733
343
368
438
774
795
8
247
707
873
848
27
625
637
644
4
770
519
353
366
985
424
513
147
331
543
458
90
931
901
520
522
988
171
134
121
517
632
571
32
812
171
511
646
886
326
500
841
196
144
601
685
83
992
805
374
850
44
626
867
497
690
477
888
740
232
397
922
338
358
57
843
144
473
178
872
49
933
173
941
742
723
272
425
812
206
318
907
154
108
5
994
135
87
597
570
683
725
789
160
461
831
811
996
598
512
831
764
617
533
655
278
264
920
569
389
397
669
390
992
863
646
269
75
345
171
552
19
160
760
943
508
85
90
41
441
664
446
962
904
282
49
236
242
676
475
939
454
526
97
993
252
559
952
369
881
413
743
195
993
784
427
309
618
823
116
766
603
593
611
785
593
476
690
217
249
438
994
249
420
375
343
245
500
105
275
965
923
499
727
642
118
593
939
717
656
123
29
712
588
881
579
687
124
534
813
158
737
290
947
885
175
562
251
155
640
135
321
538
455
571
135
781
204
811
447
912
536
717
316
811
330
294
569
647
465
145
872
143
635
269
627
19
92
326
393
185
100
598
105
59
448
291
113
135
193
909
77
666
419
711
221
586
358
642
521
732
923
999
271
65
978
247
178
946
894
289
292
616
931
915
196
934
566
622
290
515
700
318
658
43
806
1000
374
682
675
946
608
942
358
3
696
654
543
681
224
533
78
772
888
454
756
525
145
766
345
691
796
27
529
390
914
177
859
498
779
726
490
501
596
694
332
708
861
356
432
756
795
374
31
970
411
199
698
742
230
541
374
308
600
159
451
928
396
439
501
182
296
153
31
609
60
664
647
516
231
174
851
313
773
658
429
743
10
901
858
967
820
237
564
437
39
384
831
786
940
891
460
889
960
abc
